c This file was generated by genrmf.
c The parameters are: a: 3 b: 3 c1: 1 c2: 10
p max      27         90
n       1 s
n      27 t
a       1      14          6
a       1       2         90
a       1       4         90
a       2      16          9
a       2       3         90
a       2       1         90
a       2       5         90
a       3      17          8
a       3       2         90
a       3       6         90
a       4      18          8
a       4       5         90
a       4       7         90
a       4       1         90
a       5      13         10
a       5       6         90
a       5       4         90
a       5       8         90
a       5       2         90
a       6      15          3
a       6       5         90
a       6       9         90
a       6       3         90
a       7      11          4
a       7       8         90
a       7       4         90
a       8      12         10
a       8       9         90
a       8       7         90
a       8       5         90
a       9      10          1
a       9       8         90
a       9       6         90
a      10      27          9
a      10      11         90
a      10      13         90
a      11      20          1
a      11      12         90
a      11      10         90
a      11      14         90
a      12      19          9
a      12      11         90
a      12      15         90
a      13      21          6
a      13      14         90
a      13      16         90
a      13      10         90
a      14      25          6
a      14      15         90
a      14      13         90
a      14      17         90
a      14      11         90
a      15      23          7
a      15      14         90
a      15      18         90
a      15      12         90
a      16      26          4
a      16      17         90
a      16      13         90
a      17      24          6
a      17      18         90
a      17      16         90
a      17      14         90
a      18      22          1
a      18      17         90
a      18      15         90
a      19      20         90
a      19      22         90
a      20      21         90
a      20      19         90
a      20      23         90
a      21      20         90
a      21      24         90
a      22      23         90
a      22      25         90
a      22      19         90
a      23      24         90
a      23      22         90
a      23      26         90
a      23      20         90
a      24      23         90
a      24      27         90
a      24      21         90
a      25      26         90
a      25      22         90
a      26      27         90
a      26      25         90
a      26      23         90
a      27      26         90
a      27      24         90
